-128,1,0,0,1,0,1,0,1,0,1,0,0,1,1,1,1,1,1,1,1
-127,1,0,0,1,0,1,0,1,0,1,0,0,1,1,1,1,1,0
-126,1,0,0,1,0,1,0,1,0,1,0,0,1,1,1,1,1,1,0
-125,1,0,0,1,0,1,0,1,0,1,0,0,1,1,1,1,0,1,0
-124,1,0,0,1,0,1,0,1,0,1,0,0,1,1,1,1,1,1,1,0
-123,0,1,0,1,0,1,1,0,1,1,1,1,1,0,0,0,0,1,1
-122,0,0,0,0,1,0,0,0,0,1,1,0,0,1,0,1,0,1,1
-121,0,0,0,0,1,1,0,1,0,1,1,0,0,0,0,1,1,1
-120,0,0,0,0,1,0,0,0,0,1,1,0,0,1,0,1,0,0
-119,0,1,0,1,0,1,1,0,1,1,1,1,1,0,0,0,1
-118,0,1,0,1,0,1,1,0,1,1,1,1,1,0,0,1,1
-117,0,0,0,0,1,0,0,0,0,1,1,0,0,1,0,1,1
-116,0,0,0,0,1,1,0,1,0,1,1,0,0,0,0,1,0
-115,1,1,0,0,0,1,1,0,1,0,0,1,0,0,0,1
-114,1,0,0,1,0,1,0,1,0,1,0,0,1,1,1,0
-113,1,0,0,1,1,1,0,1,1,0,0,1,1,0,0,0
-112,1,0,0,1,0,1,0,1,0,1,0,0,1,0,0,1
-111,0,0,0,1,1,1,0,0,0,1,0,0,0,1,1,0
-110,0,0,0,0,1,1,0,1,0,1,1,0,0,0,0,0
-109,0,0,0,0,1,0,0,1,1,0,1,0,1,0,0,0
-108,0,0,0,0,1,0,0,0,0,1,1,0,0,1,0,0
-107,1,1,0,0,0,1,1,0,1,0,0,1,0,0,1
-106,1,0,0,1,0,1,0,1,0,1,0,0,1,0,1
-105,0,1,0,0,1,0,0,0,1,1,1,1,1,0,0
-104,0,1,0,0,1,0,0,0,1,1,1,1,0,1,0
-103,0,0,0,0,1,0,0,0,0,1,1,0,0,1,1
-102,0,0,0,0,1,0,0,0,0,0,0,1,0,0,1
-101,0,0,0,0,1,0,0,1,1,0,1,0,1,0,1
-100,1,0,1,0,1,1,0,0,1,1,1,0,1,0
-99,1,0,0,1,0,1,1,0,1,0,1,0,1,1
-98,1,0,0,1,0,1,1,0,1,0,1,0,1,0
-97,0,1,0,1,0,0,1,1,1,0,0,1,0,0
-96,0,1,0,0,1,0,0,0,1,1,1,1,0,0
-95,0,0,0,1,1,1,0,1,0,1,0,0,0,0
-94,0,0,0,0,1,1,0,1,0,1,1,0,0,1
-93,0,0,0,0,1,0,0,0,0,0,0,1,0,1
-92,1,1,0,0,0,1,1,0,1,0,0,1,1
-91,1,0,1,0,1,1,0,0,1,1,1,0,0
-90,1,0,0,1,0,1,0,1,0,1,0,1,0
-89,1,0,0,1,0,1,0,1,0,1,0,1,1
-88,1,0,0,1,0,1,1,0,1,0,1,0,0
-87,0,1,0,1,0,0,1,1,1,0,0,1,1
-86,0,0,0,1,1,1,0,1,1,1,0,1,0
-85,0,0,0,1,1,1,0,0,0,1,0,0,1
-84,0,0,0,1,1,1,0,1,0,1,0,0,1
-83,0,0,0,0,1,1,1,1,0,0,1,1,0
-82,0,0,0,0,1,1,0,1,0,1,1,0,1
-81,0,0,0,0,1,0,0,0,0,0,0,1,1
-80,1,1,0,0,0,1,1,0,1,0,0,0
-79,1,1,0,0,0,1,1,0,0,0,0,1
-78,1,0,0,1,1,1,0,1,1,0,0,0
-77,1,0,0,1,0,1,1,0,1,0,1,1
-76,1,0,0,1,0,1,0,1,1,0,1,1
-75,1,0,0,1,0,1,0,0,0,1,1,0
-74,1,0,0,1,0,1,0,0,0,1,1,1
-73,0,1,1,1,0,1,0,0,1,0,1,0
-72,0,1,0,1,0,1,1,0,1,0,0,0
-71,0,1,0,1,0,0,1,0,0,0,0,0
-70,0,1,0,0,1,0,0,0,1,1,1,0
-69,0,0,0,1,1,1,0,1,0,1,0,1
-68,0,0,0,1,1,1,0,0,0,0,0,1
-67,0,0,0,0,1,1,0,1,0,1,1,1
-66,0,0,0,0,1,0,0,0,1,1,0,1
-65,0,0,0,0,1,0,0,0,0,1,1,1
-64,0,0,0,0,1,0,0,0,0,0,0,0
-63,1,1,0,0,0,1,1,1,1,1,0
-62,1,1,0,0,0,1,1,0,0,0,1
-61,1,0,1,0,1,1,1,0,1,1,0
-60,1,0,1,0,1,1,0,0,1,1,0
-59,1,0,0,1,1,1,0,1,1,1,0
-58,1,0,0,1,1,0,0,0,1,1,1
-57,1,0,0,1,1,0,0,0,1,0,1
-56,1,0,0,1,0,1,1,0,1,0,0
-55,1,0,0,1,0,1,1,0,0,0,0
-54,1,0,0,1,0,1,0,0,0,1,0
-53,1,0,0,1,0,1,0,1,0,0,1
-52,0,1,0,1,0,1,1,0,1,0,1
-51,0,1,0,1,0,1,1,0,0,1,1
-50,0,1,0,1,0,0,1,1,1,0,1
-49,0,1,0,1,0,0,1,0,1,1,0
-48,0,1,0,1,0,0,0,0,0,1,1
-47,0,1,0,1,0,0,0,0,0,1,0
-46,0,1,0,0,1,0,0,0,1,1,0
-45,0,0,0,1,1,1,0,1,0,1,1
-44,0,0,0,1,1,1,0,1,0,0,0
-43,0,0,0,0,1,1,1,1,0,1,1
-42,0,0,0,0,1,1,0,1,0,1,0
-41,0,0,0,0,1,1,0,1,0,0,1
-40,0,0,0,0,1,0,0,0,1,1,1
-39,0,0,0,0,1,0,0,0,0,0,1
-38,1,1,0,0,0,1,1,0,1,1
-37,1,0,1,0,1,1,1,0,1,0
-36,1,0,1,0,1,1,0,0,1,0
-35,1,0,0,1,1,1,0,0,1,1
-34,1,0,0,1,0,1,1,0,0,1
-33,1,0,0,1,0,1,0,0,0,0
-32,0,1,0,1,0,1,1,0,0,0
-31,0,1,0,1,0,0,1,0,0,1
-30,0,0,0,1,1,1,0,1,1,0
-29,0,0,0,0,1,1,1,1,1,0
-28,0,0,0,0,1,0,0,0,1,0
-27,1,1,0,0,0,1,1,1,0
-26,1,0,1,0,1,1,0,0,0
-25,1,0,0,1,1,0,0,0,0
-24,0,1,1,1,0,1,0,0,0
-23,0,1,0,1,0,0,0,0,1
-22,0,0,0,1,1,1,0,0,1
-21,0,0,0,0,1,0,0,1,0
-20,1,0,1,0,1,1,1,1
-19,1,0,0,1,1,0,0,1
-18,0,1,1,1,0,1,0,1
-17,0,1,0,1,0,0,0,1
-16,0,0,0,0,1,1,1,0
-15,0,0,0,0,0,0,0,0
-14,1,0,0,1,1,1,1
-13,0,1,1,1,0,1,1
-12,0,1,0,0,1,0,1
-11,0,0,0,0,1,0,1
-10,1,1,0,0,0,0
-9,1,0,0,1,0,0
-8,0,1,0,0,1,1
-7,0,0,0,0,0,1
-6,1,0,1,0,0
-5,0,1,0,1,1
-4,0,0,0,1,0
-3,1,0,1,1
-2,0,1,1,0
-1,0,0,1,0
0,1,1,1
1,0,0,1,1
2,1,0,0,0
3,1,1,0,1
4,0,1,0,0,0
5,0,1,1,1,1
6,1,1,0,0,1
7,0,0,0,1,1,0
8,0,1,1,1,0,0
9,1,0,1,0,1,0
10,0,0,0,0,0,0,1
11,0,0,0,1,1,1,1
12,0,1,0,1,0,1,0
13,1,0,0,1,1,0,1
14,1,1,0,0,0,1,0
15,0,0,0,0,1,1,0,0
16,0,1,0,0,1,0,0,1
17,0,1,0,1,0,1,1,1
18,1,0,0,1,0,1,1,1
19,1,0,1,0,1,1,0,1
20,0,0,0,0,0,0,0,1,1
21,0,0,0,0,1,1,0,1,1
22,0,1,0,0,1,0,0,0,0
23,0,1,0,1,0,0,1,1,0
24,1,0,0,1,0,1,0,0,1
25,1,0,0,1,1,1,0,0,0
26,1,0,1,0,1,1,1,0,0
27,0,0,0,0,0,0,0,1,0,1
28,0,0,0,0,1,0,0,1,1,1
29,0,0,0,0,1,1,1,1,1,1
30,0,1,0,0,1,0,0,0,1,0
31,0,1,0,1,0,0,1,0,1,0
32,0,1,0,1,0,0,1,1,1,1
33,0,1,1,1,0,1,0,0,1,1
34,1,0,0,1,0,1,0,1,1,1
35,1,0,0,1,0,1,1,0,1,1
36,1,0,0,1,1,1,0,1,0,0
37,1,0,0,1,1,1,0,1,0,1
38,1,1,0,0,0,1,1,0,0,1
39,0,0,0,0,0,0,0,1,0,0,0
40,0,0,0,0,0,0,0,1,0,0,1
41,0,0,0,0,1,0,0,0,0,1,0
42,0,0,0,0,1,0,0,1,1,0,0
43,0,0,0,0,1,1,0,1,0,0,0
44,0,0,0,0,1,1,1,1,0,0,0
45,0,0,0,0,1,1,1,1,0,1,0
46,0,0,0,1,1,1,0,0,0,0,1
47,0,0,0,1,1,1,0,1,0,0,1
48,0,0,0,1,1,1,0,0,0,1,1
49,0,0,0,1,1,1,0,1,1,1,1
50,0,1,0,1,0,0,0,0,0,0,1
51,0,1,0,1,0,0,0,0,0,0,0
52,0,1,0,1,0,0,1,0,1,1,1
53,0,1,0,1,0,0,1,0,0,0,1
54,0,1,0,1,0,1,1,0,0,1,0
55,0,1,0,1,0,1,1,0,1,1,0
56,0,1,1,1,0,1,0,0,1,0,0
57,1,0,0,1,0,1,0,1,0,1,1
58,1,0,0,1,0,1,0,1,0,0,0
59,1,0,0,1,0,1,0,1,1,0,0
60,1,0,0,1,1,0,0,0,1,0,0
61,1,0,0,1,0,1,1,0,0,0,1
62,1,0,0,1,1,1,0,0,1,0,1
63,1,0,0,1,1,0,0,0,1,1,0
64,1,0,0,1,1,1,0,1,1,1,1
65,1,0,0,1,1,1,0,1,1,0,1
66,1,1,0,0,0,1,1,0,1,0,1
67,1,0,1,0,1,1,1,0,1,1,1
68,1,1,0,0,0,1,1,1,1,0,0
69,1,1,0,0,0,1,1,1,1,1,1
70,0,0,0,0,1,0,0,0,1,1,0,0
71,0,0,0,0,1,0,0,1,1,0,1,1
72,0,0,0,0,1,1,1,1,0,0,1,0
73,0,0,0,1,1,1,0,0,0,0,0,0
74,0,0,0,1,1,1,0,0,0,1,0,1
75,0,0,0,1,1,1,0,1,1,1,0,0
76,0,1,0,1,0,0,1,0,0,0,0,1
77,0,1,0,1,0,1,1,0,1,0,0,1
78,0,1,0,1,0,1,1,0,1,1,1,0
79,0,1,1,1,0,1,0,0,1,0,1,1
80,1,0,0,1,0,1,0,1,1,0,1,0
81,1,0,0,1,1,1,0,0,1,0,0,1
82,1,0,0,1,1,1,0,0,1,0,0,0
83,1,1,0,0,0,1,1,0,0,0,0,0
84,1,0,1,0,1,1,0,0,1,1,1,1
85,1,1,0,0,0,1,1,1,1,0,1,1
86,0,0,0,0,1,0,0,1,1,0,1,0,0
87,0,0,0,0,1,0,0,0,0,1,1,0,1
88,0,0,0,0,1,1,1,1,0,0,1,1,1
89,0,0,0,1,1,1,0,1,1,1,0,1,1
90,0,1,0,1,0,0,1,1,1,0,0,0,1
91,0,1,0,1,0,0,1,1,1,0,0,0,0
92,0,1,0,1,0,1,1,0,1,1,1,1,0
93,1,0,0,1,0,1,0,1,0,1,0,0,0
94,1,0,0,1,1,1,0,1,1,0,0,1,0
95,1,1,0,0,0,1,1,1,1,0,1,0,0
96,1,1,0,0,0,1,1,1,1,0,1,0,1
97,0,0,0,0,1,0,0,0,0,1,1,0,0,0
98,0,0,0,0,1,0,0,1,1,0,1,0,1,1
99,0,0,0,1,1,1,0,1,0,1,0,0,0,1
100,0,0,0,1,1,1,0,0,0,1,0,0,0,0
101,0,1,0,1,0,0,1,1,1,0,0,1,0,1
102,0,1,0,0,1,0,0,0,1,1,1,1,1,1
103,0,1,0,1,0,1,1,0,1,1,1,1,1,1
104,1,0,0,1,1,1,0,1,1,0,0,1,1,1
105,1,1,0,0,0,1,1,0,1,0,0,1,0,1
106,1,0,1,0,1,1,0,0,1,1,1,0,1,1
107,0,0,0,0,1,1,0,1,0,1,1,0,0,0,1
108,0,0,0,1,1,1,0,0,0,1,0,0,0,1,0
109,0,1,0,0,1,0,0,0,1,1,1,1,0,1,1
110,0,1,0,0,1,0,0,0,1,1,1,1,1,0,1
111,0,1,0,1,0,1,1,0,1,1,1,1,1,0,1
112,1,0,0,1,0,1,0,1,0,1,0,0,1,1,0
113,1,0,0,1,1,1,0,1,1,0,0,1,1,0,1
114,0,0,0,0,1,0,0,0,0,0,0,1,0,0,0,1
115,0,0,0,0,1,0,0,0,0,0,0,1,0,0,0,0
116,0,0,0,0,1,0,0,1,1,0,1,0,1,0,0,1
117,0,0,0,1,1,1,0,0,0,1,0,0,0,1,1,1
118,1,0,0,1,0,1,0,1,0,1,0,0,1,0,0,0
119,1,0,0,1,1,1,0,1,1,0,0,1,1,0,0,1
120,1,1,0,0,0,1,1,0,1,0,0,1,0,0,0,0
121,0,1,0,1,0,1,1,0,1,1,1,1,1,0,0,1,0
122,0,0,0,0,1,1,0,1,0,1,1,0,0,0,0,1,1,0
123,0,1,0,1,0,1,1,0,1,1,1,1,1,0,0,0,0,0
124,0,0,0,0,1,0,0,0,0,1,1,0,0,1,0,1,0,1,0
125,0,1,0,1,0,1,1,0,1,1,1,1,1,0,0,0,0,1,0
126,1,0,0,1,0,1,0,1,0,1,0,0,1,1,1,1,0,1,1
127,1,0,0,1,0,1,0,1,0,1,0,0,1,1,1,1,0,0
